temporal_1= [0.82743376798443524,0.99464967671708648,1.0,0.99560431833408058,0.98889428717655303,0.94309634981947454,0.86378882574818183,0.82743376798443524,0.99464967671708648,1.0,0.99560431833408058,0.98889428717655303,0.94309634981947454,0.86378882574818183,0.82743376798443524,0.99464967671708648,1.0,0.99547291603129362,0.98889428717655303,0.94309634981947454,0.86378882574818183,0.82743376798443524,0.99464967671708648,1.0,0.99560431833408058,0.98889428717655303,0.94309634981947454,0.86378882574818183,0.82743376798443524,0.99464967671708648]
temporal_2 = [0.75424187426375211,0.95226189611724954,0.95260789400459833,0.94911135647675127,0.94959582902055573,0.87651117659739142,0.84563175164837467,0.78931749358725711,0.90900484707647511,0.96516250598518505,0.96353087706181395,0.9584036757843285,0.95741181819464638,0.82275018459432137,0.76864554732976098,0.9212673890000399,0.96702857645650286,0.96022085669500656,0.83514847677122384,0.95476326204281736,0.85060773185377225,0.78508371509980746,0.95294778087015353,0.96775916794462158,0.96437283124187512,0.88277811413445451,0.95972089238879266,0.84701343561263687,0.78331984244473607,0.97469513554892517]
temporal_3 = [0.67277281744871209,0.95479453788621771,0.95628784233329756,0.94511215159075945,0.88303710079986053,0.92053640683384153,0.79337689043055837,0.7366309218297532,0.94522687888876689,0.95778846613856761,0.95299779581364796,0.95373298632010117,0.93993128977406781,0.79227502545404038,0.67991805520520376,0.965599944607336,0.96976659441938795,0.96495757827408946,0.95969820468726519,0.94563934232094204,0.82497400103478169,0.70395806352341284,0.96430788450305382,0.9699312257012932,0.96366701086658269,0.9502936627478431,0.94084702593624869,0.80849444167924289,0.71815365277038323,0.96824063184379228]
temporal_4 =[0.5659832062278547,0.94781553481490366,0.94880961228873084,0.94385777918661296,0.93955799462501088,0.90652757929387628,0.67429485322393368,0.565583324140565,0.94954609745927543,0.95034045843762915,0.94749543005264714,0.94152372277402607,0.91610573351594382,0.67866812667964704,0.5551819222452985,0.95191954623657171,0.94901529365667736,0.94390549330049212,0.94675655118441426,0.91952721343251698,0.69970953937588265,0.56710773549666016,0.93170974288895203,0.94577276254917464,0.94872924020704763,0.94221383419205151,0.91564247661938347,0.6958502095733613,0.55833176905300652,0.94399388713810051]
spatial_1 =[0.92216081039081355,0.95179585855180104,0.91224649618724629,0.49273816005299759,0.58135137876976306,0.90930021993132359,0.83642194975206063,0.90284158921364199,0.92233653029136131,0.82173010352972464,0.90373444954100091,0.92467091062316142,0.90712889926405815,0.91880857112657421,0.90554724067334069,0.91416328812015935,0.91117852354845419,0.84113161151739946,0.90373444954100091,0.90373444954100091,0.91487719039246929,0.9163244766527725,0.9234090881705268,0.91436253121182487,0.84996189202449868,0.84929088428486632,0.8836588416789789,0.89546404435480997,0.85495129642982526,0.84509897888546326,0.91840384921984131,0.90948890732343612,0.92180717789597943,0.91913611511414328,0.93922050432296833,0.91479076082618382,0.92464018243171109,0.92500088609373166,0.92581431564439409,0.93677497056299452,0.89980506597149401,0.91065337891225095,0.90773516485112049,0.91501016534923263,0.92090584536050124,0.86188121054697198,0.90868735981162441,0.92651861201054753,0.9304178248889684,0.92145137265921462,0.91595611976741098,0.89221159978120446,0.82131329927519658,0.93796318869214856,0.92806533088795684,0.9260577867860742,0.92748176435849461,0.93801922115361513,0.9460207001065265,0.95786171781643725,1.0,0.94768675139474678,0.93623025992468512,0.86328294149728158,0.88057874074431142,0.91148025653295006,0.92265676966089361,0.89255072789444811,0.92263313523662038,0.92063332621844352,0.90634427700026077,0.89890197338638644,0.91924315951943503,0.80950557615555008,0.23751259655840978,0.91772322644362514,0.92165642341579701,0.79946428309134465,0.73112803071261312,0.89989718681944897,0.9196830473250136,0.89224078100864057,0.94648233062923048,0.92810247950684976,0.92139211497022044,0.92540636172297075,0.92064225481281736,0.89463134017223322,0.91475505883504415,0.92426702415750117,0.91799475849406964,0.92405911235135263,0.92218162804489701,0.92616365941562306,0.87673810112008965,0.9312536058856572,0.93818895971659522,0.92114453657328987,0.92308443055241718,0.91642081351532334,0.91695385105955551,0.9173348477468668,0.91713289383133823,0.90740350400067027,0.03069073917125021,0.92586375069837701,0.92779500225857869,0.92758776634809492,0.9264948299951532,0.9187064486026989,0.9251330602720742,0.92076414082310876,0.91812885453370441,0.92608890245912945,0.92808798694490113,0.92972075234525742,0.91732114844559243,0.85802321234234391,0.87128910361179357,0.92308791869141116,0.9175695414282723,0.91895438462455581,0.90638007245316365,0.91991692254272983,0.92172700822473841]
spatial_2 =[0.92018430619746383,0.90333031830903698,0.89316290529698694,0.50867418869992842,0.5157009466542759,0.90298678935940879,0.88384616255624815,0.91041255709497004,0.91595148337744359,0.84990456726788288,0.92840841797143492,0.92282141321182931,0.93192039286292572,0.93541881014861639,0.90217966483955059,0.91572383797154444,0.91766868543914892,0.91354788119700847,0.92840841797143492,0.92840841797143492,0.91647054166936581,0.92681770428511345,0.89767943439739439,0.88587365353088587,0.86421129340050096,0.84663308401462223,0.89955742466943722,0.87885625310366267,0.87518829730132364,0.82593418368707416,0.91026105575031802,0.91260233742752994,0.9089046018638024,0.90637615001988436,0.90477972370819004,0.90063753253811529,0.92747583056140603,0.89943346412202729,0.91574918905043345,0.94389761797041083,0.94404331323497837,0.94141619246016528,0.93894868369616213,0.93024949448187799,0.93702995384405718,0.91952001766970404,0.94381611420702971,0.95551187112374836,0.94313627332405592,0.94924318951999642,0.95225217014728247,0.91460914872632348,0.9028776943077913,0.96729835611386072,0.96072368805046482,0.96124975063697105,0.96158840104398635,0.96773802259180097,0.9693549987246487,0.98427422473213866,0.99999999999999978,0.95689592154199621,0.94444132797404245,0.88308797277750406,0.87280114729827951,0.950799436496645,0.94027830302244741,0.90271265257261701,0.95333614959612889,0.94639741208004446,0.94466776015955922,0.93976896089935569,0.95273219445304269,0.94475156238452895,0.88194086350371614,0.93562670273527027,0.93810238129784829,0.91501690506942879,0.88839542448971487,0.91958072708128713,0.93811673023944786,0.90314196771894129,0.93002787239836382,0.91185966363522353,0.9174301956941483,0.94077904307712323,0.92322602457259784,0.84095123930495597,0.9140570498527214,0.89439954768056207,0.89902131912702876,0.88093621488414242,0.86839538053350185,0.84686193125493159,0.84710560457195039,0.857410786492666,0.84206922074019119,0.89503986826763171,0.88249233403518856,0.79893462664288506,0.85533309370286703,0.87547278643362647,0.87028484399029782,0.8238493035421246,0.46564071457571177,0.85133630462049403,0.85702733400256192,0.84589889446521693,0.84795112363563663,0.87449675124344006,0.82375774945999181,0.79886786580065072,0.79916654780259366,0.8022785864924471,0.80005461652056231,0.79751473529742956,0.81176941865269803,0.68912677532885191,0.74361702688782338,0.89401997891119256,0.91081135772119071,0.92459695416517984,0.90650282341805588,0.92008940631745906,0.9165011645232416]
